vms: "N.H. 8670      "
vns: "               "
vtt: 1
vti: 47
wre: 20.00000
oss: 900
ldi: 0.03000
ldm: 0
lde: 0.50000
lbi: 5
lbm: 0
lsf: 0
lxm: 0
lat: 0.00000
dsu: 1
dsl: 0
mfq: 4
acf: 0
grx: 5
mpc: 2
gct: 8
scp: 1
sodc: 4
rni: 10
alx: 0.30000
aly: 0.00000
alz: -3.16000
iar: 0.00000
iap: 0.00000
iay: 0.00000
ilx: 0.00000
ily: 0.00000
ilz: 0.00000
sk0: -105.74501
sk1: 46.33839
sk2: -1.23914
rof: 3.30000
pof: 0.00000
