vms: "JDeere4700/10RC"
vns: "               "
vtt: 6
vti: 0
vbl: 3.81000
cgh: 3.00000
syv: 12.00000
mbp: 0.00000
pps: 0.00000
rtw: 0.00000
clr: 3.00000
vcm: 5.00000
cim: 0.12000
cix: 3.00000
cpm: 0.00000
cpx: 600.00000
vpm: 0.00000
ps0: 0.00000
ps1: 0.00000
po0: 0.00000
po1: 0.00000
sa0: -50.00000
sa1: -40.00000
sa2: 40.00000
sa3: 50.00000
sg0: 0.00000
sg1: 0.00000
obt: 0.00000
ena: 0
vkj: 0.72000
kbg: 2.50000
vtc: 0
xvp: 1
hir: 2.00000
mxs: 9.83504
mxr: 9.83504
mes: 6.70571
mer: 6.70571
msa: 40.00000
msn: 37.50000
smv: 0.40000
orv: 1.00000
wre: 30.48000
oss: 180
mla: 0.00000
KFiltHRateQ: 2500.00000
KFiltHRateBiasQ: 0.00100
KFiltHeadR: 1600.00000
KFiltHRateR: 0.00050
KFiltMinVelHeading: 0.05000
KFiltMinVelGearLever: 2.00000
KFiltClampCountdown: 50
RFiltK1: 0.02500
RFiltK2: 0.33300
einum: 14
ei1: 9
ei2: 0
ei3: 5
ei4: 0
ei5: 0
ei6: 0
ei7: 6
ei8: 18
ei9: 0
ei10: 0
ei11: 13
ei12: 0
ei13: 0
ei14: 0
sc1: 4
sc2: 2
sc3: 1
sc4: 3
csnum: 6
cs1: 0
cs2: 0
cs3: 0
cs4: 0
cs5: 0
alx: 2.28600
aly: 0.00000
alz: -3.83540
iar: 0.00000
iap: 0.00000
iay: 0.00000
ilx: 0.00000
ily: 0.00000
ilz: 0.00000
sk0: -53.04350
sk1: 19.37560
sk2: 1.21000
rof: 0.00000
pof: 0.00000
sof: 0.00000
trw: 3.00000
dk0: 0.00000
dk1: 0.00000
ovb: 0.00000
k0e: 0.00000
k1e: 0.00000
k2e: 0.00000
rre: 0
xcl: 3.00000
bad: 0.15920
bar: 0.15920
vad: 3.00000
var: 3.00000
ka1: 2.00000
ka2: 1.00000
kb1: 0.00000
kb2: 1.00000
kb3: 2.00000
cla: 0.00000
bbd: 0.17507
bbr: 0.17507
vbd: 2.00000
vbr: 2.00000
k1a: 2.00000
k2a: 1.00000
k1b: 0.00000
k2b: 1.00000
k3b: 2.00000
clb: 0.00000
bbg: 0.00000
abl: 0
igl: 0.00000
igr: 0.00000
pgl: 8.00000
pgr: 8.00000
dgl: 0.00000
dgr: 0.00000
wcl: 0.00000
wcr: 0.00000
dzl: 29.00000
dzr: 29.00000
src: 99.00000
mpm: 0.00000
dif: 100.00000
dih: 5.00000
dil: 5.00000
pla: 1
plb: 0
vlt: 0
sfm: 1.00000
sfr: 1.00000
sft: 0.00264
glt: 2.50000
rpl: 500
rph: 3000
wsh: 2
wsf: 100
gss: 1
rws: 0
sws: 0.01000
spa: 0.00000
sga: 0.00000
swl: 1
gud: 0
sge: 1
minXte: 0.00000
maxXte: 3.00000
k11: 1.00000
k12: 1.00000
k21: 0.70000
k22: 0.10000
lso: 1
vde: 1
dbv: 0
cmf: 742254897
endc
