vms: "N.H. 8670      "
vns: "               "
vtt: 1
vti: 47
wre: 20.00000
oss: 900
ldi: 0.03000
ldm: 0
lde: 0.50000
lbi: 5
lbm: 0
lsf: 0
lxm: 0
lat: 0.00000
dsu: 1
dsl: 0
mfq: 4
acf: 0
grx: 5
mpc: 2
gct: 8
