vms: "N.H. 8670      "
vns: "               "
vtt: 1
vti: 47
wre: 20.00000
oss: 900
ldi: 0.03000
ldm: 0
lde: 0.50000
lbi: 5
lbm: 0
lsf: 0
lxm: 0
lat: 0.00000
dsu: 1
dsl: 0
mfq: 4
acf: 1
grx: 5
mpc: 2
gct: 8
HPAutoSeedEnabled: 0
scp: 1
sodc: 4
rni: 10
RawNMEAOutputBaudRate: 38400
RawNMEAOutputIntervalGGA: 100
RawNMEAOutputIntervalGSA: 100
RawNMEAOutputIntervalGST: 0
RawNMEAOutputIntervalRMC: 0
RawNMEAOutputIntervalVTG: 100
RawNMEAOutputIntervalZDA: 100
alx: 0.66000
aly: 0.00000
alz: -3.38000
iar: 0.00000
iap: 0.00000
iay: 0.00000
ilx: 0.00000
ily: 0.00000
ilz: 0.00000
sk0: -94.84100
sk1: 42.13284
sk2: -1.25743
rof: 1.60000
pof: 0.00