vms: "N.H. 8670      "
vns: "               "
vtt: 1
vti: 47
wre: 20.00000
oss: 900
ldi: 0.03000
ldm: 0
lde: 0.50000
lbi: 5
lbm: 0
lsf: 0
lxm: 0
lat: 0.00000
dsu: 1
dsl: 0
mfq: 4
acf: 1
grx: 5
mpc: 2
gct: 8
HPAutoSeedEnabled: 0
scp: 1
sodc: 4
rni: 10
RawNMEAOutputBaudRate: 4800
RawNMEAOutputIntervalGGA: 300
RawNMEAOutputIntervalGSA: 0
RawNMEAOutputIntervalGST: 0
RawNMEAOutputIntervalRMC: 0
RawNMEAOutputIntervalVTG: 300
RawNMEAOutputIntervalZDA: 0
alx: 0.30000
aly: 0.00000
alz: -3.38000
iar: 0.00000
iap: 0.00000
iay: 0.00000
ilx: 0.00000
ily: 0.00000
ilz: 0.00000
sk0: -94.84100
sk1: 42.13284
sk2: -1.25743
rof: 3.30000
pof: 0.00000
sof: 0.00000
trw: 3.00000
dk0: 0.00000
dk1: 0.00000
ovb: 0.00000
k0e: 0.00000
k1e: 0.00000
k2e: 0.00000
rre: 0
bad: 0.13528
bar: 0.13528
vad: 2.00000
var: 2.00000
bbd: 0.13528
bbr: 0.13528
vbd: 2.00000
vbr: 2.00000
xcl: 999.00000
ka1: 2.00000
ka2: 1.00000
kb1: 0.00000
kb2: 1.00000
kb3: 2.00000
cla: 0.13963
k1a: 2.00000
k2a: 1.00000
k1b: 0.00000
k2b: 1.00000
k3b: 2.00000
clb: 0.13963
igl: 0.00000
igr: 0.00000
pgl: 5.00000
pgr: 5.50000
dgl: 0.00000
dgr: 0.00000
wcl: 0.00000
wcr: 0.00000
pwm: 0.01000
dzf: 30.50000
src: 99.00000
pla: 1
plb: 0
sfm: 1.00000
sfr: 1.00000
sft: 0.00264
glt: 2.60000
minXte: 0.00000
maxXte: 3.00000
k11: 1.00000
k12: 1.00000
k21: 0.70000
k22: 0.10000
endc
