vms: "S.Coupe 4X50_60"
vns: "Release 3.0    "
fwv: 0
fws: 0
vtt: 6
vti: 0
vbl: 3.46
cgh: 3
syv: 12
mbp: 0
pps: 0
rtw: 0
clr: 3
vcm: 5
cim: 0.12
cix: 3
cpm: 0
cpx: 600
vpm: 0
ps0: 0
ps1: 0
po0: 0
po1: 0
sa0: -50
sa1: -40
sa2: 40
sa3: 50
sg0: 0
sg1: 0
obt: 0
ena: 0
vkj: 0.72
kbg: 2.5
vtc: 3
xvp: 1
scv: 1
psf: 0
dbv: 0
kbt: 0
tio: 0
aco: 0
hir: 2
mxs: 9.835
mxr: 9.835
mes: 6.7057
mer: 6.7057
msa: 49
msn: 44
smv: 0.1
rwv: 0
orv: 1.5
orf: 0
ord: 0
ost: 0
orvul1: 0
orvll1: 0
orvtul1: 0
orvtll1: 0
orvltbt1: 0
orvltat1: 0
orvhtbt1: 0
orvsfe: 0
wre: 50
oss: 300
mla: 0
hsa: 0
hsh: 0
hss: 0
hse: 0
hsm: 6.7057
qorc: 1
KFiltHeadQ: 1e-06
KFiltHRateQ: 2500
KFiltHRateBiasQ: 0.001
KFiltHeadR: 1600
KFiltHRateR: 0.0005
KFiltClampHeadR: 1e-12
KFiltClampHeadQ: 1e-12
KFiltMinVelHeading: 0.05
KFiltMinVelGearLever: 2
KFiltClampCountdown: 50
RFiltK1: 0.025
RFiltK2: 0.333
einum: 14
ei1: 9
ei2: 0
ei3: 5
ei4: 0
ei5: 21
ei6: 0
ei7: 0
ei8: 18
ei9: 0
ei10: 0
ei11: 13
ei12: 0
ei13: 0
ei14: 0
sc1: 7
sc2: 2
sc3: 1
sc4: 3
csnum: 6
cs1: 0
cs2: 0
cs3: 0
cs4: 0
cs5: 0
cs6: 0
soad: 0
scc: 1
sca: 255
cfe: 0
ca0: 0
ca1: 0
a2d: 0
cre: 0
ire: 0
irem: 0
iref: 0
ired: 0
deb: 0
edf: 0
onc: 0
onm: 0
onv: 0
alx: 1.35
aly: 0
alz: -3.02
iar: 0
iap: 0
iay: 0
ilx: 0
ily: 0
ilz: 0
vcx: 0
sk0: -53.043
sk1: 19.376
sk2: 1.21
rof: 0.89723
pof: 0
sof: 0
trw: 3
dk0: 0
dk1: 0
ovb: 0
k0e: 0
k1e: 0
k2e: 0
rre: 0
mrt: 0
sso: 0
ssk: 0
xcl: 4
bad: 0.13637
bar: 0.13637
vad: 3.5714
var: 3.5714
ka1: 2
ka2: 1
kb1: 0
kb2: 1
kb3: 2
cla: 0.1
bbd: 0.12732
bbr: 0.12732
vbd: 3.6
vbr: 3.6
k1a: 2
k2a: 1
k1b: 0
k2b: 1
k3b: 2
clb: 0.13963
bbg: 0
abl: 0
x1m: 2
a2e: 0
ese: 0
sbtc: 0
ipl: 0
sam: 0
xaetc: 0
xcac: 0
xtc: 0
iss: 0
xtes: 0
xaeg: 0
xaec: 0
sac: 0
fae: 0
cak: 0
clk: 0
fas: 0
fasg: 0
fak: 0
xok: 1.2
cox: 0
cov: 0
com: 0
coo: 0
cvc: 0
ocb: 0
oci: 0
occ: 0
ocs: 0
xca: 0
pca: 0
tca: 0
igl: 0
igr: 0
pgl: 13
pgr: 2
dgl: 0
dgr: 0
wcl: 0
wcr: 0
pwm: 3.3333e-05
dzl: 35
dzr: 36
src: 99
mpm: 0
dif: 100
dih: 5
dil: 5
pla: 1
plb: 0
vlt: 0
crg: 0
ctc: 0
ssg: 0
nmd: 0
gse: 1
gsvc: 2
gsk: 0.2
gsm: 5
srcul1: 0
srcll1: 0
srcul2: 0
srcll2: 0
srcbt1: 0
srcbt2: 0
srcsfe: 0
srcccsfe: 0
srcccsf: 0
srcsf: 1
esl: 39.004
esv: 0
scs: 0
ccr: 0
sfm: 1
sfr: 1
sft: 0.002635
glt: 2.5
rpl: 500
rph: 3000
wsh: 2
wsf: 100
gss: 2
rws: 0
sws: 1.2
spa: 8
sga: 1.2
sge: 1
swl: 1
gud: 0
sgi: 0
pcteeth1: 0
pcteeth2: 0
pcst: 0
orvsf: 1
rce: 0
RSOAlpha: 0.028
RSOWz: 0
RSOe: 0
rca: 0.5
rcx: 4
rcy: 0
rccx: 3.5
rcg: 2.5
rcdg: 4
rcdtc: 0
rcka0: -0.0191
rcka1: 0.0319
rcka2: 0.007
rckb0: -0.0191
rckb1: 0.0319
rckb2: 0.007
rcxag: 1.6
rct: 2
rcnl: 0.0004
rcnlk1: 0.004
rssx: 0.14
rssd: 1.5
rsa: 0
rsh0: 0
rsh1: 0
rsh2: 0
rsh3: 0
rsh4: 0
rsh5: 0
rsh6: 0
rsh7: 0
rsh8: 0
rsh9: 0
rsda: 0
rsdp: 0
rsfv: 0
minXte: 0
maxXte: 3
k11: 1
k12: 1
k21: 0.7
k22: 0.1
lso: 1
sls: 0
ccc: 1
vde: 1
ppv: 1
pld: 0
pmx: 1e+06
pli: 3
ptt: 0.001
ptx: 1e+06
plh: 0
pha: 1
pns: -1
pcx: 1e+06
plm: 1e+06
ppx: 1e+06
plx: 0.6
ply: 0
plz: -0
pys: 6
prs: 6
pag: 0.75
pco: 0
ldi: 0.0254
ldm: 0
lde: 0.5
lbi: 5
lbm: 0
lsf: 0
lxm: 0
lat: 0
plt: 10
dsu: 1
dsl: 0
mfq: 4
acf: 1
grx: 9
mpc: 2
gct: 8
grd: 0
gms: 0
rtk: 0
HPAutoSeedEnabled: 0
srl: 0
scp: 0
sodc: 4
soadd: 0
rnie: 10
RawNMEAOutputBaudRate: 9600
RawNMEAOutputMaxQuality: 0
RawNMEAOutputMaxLLAPrecision: 0
RawNMEAOutputSpeedPositive: 0
RawNMEAOutputIntervalGGA: 0
RawNMEAOutputIntervalGSA: 0
RawNMEAOutputIntervalGST: 0
RawNMEAOutputIntervalRMC: 0
RawNMEAOutputIntervalVTG: 0
RawNMEAOutputIntervalZDA: 0
SimRSEnable: 0
SimRSXteMode: 0
SimRSMaxXte: 0.2
SimRSStalkSpacing: 0.15
SimRSRowSpacing: 0.8
SimRSCropDiam: 0
SimRSWandGap: 0
SimRSFwd: 4.75
SimRSSide: 0
SimRSOffset: 0
SimRSVAK0: 0
SimRSVAK1: 0
SimRSVAK2: 0
SimRSVBK0: 0
SimRSVBK1: 0
SimRSVBK2: 0
SimRSVBisLeft: 0
AppBuildType: 2
cmf: 2727282627
endc
