vms: "CASE-IH 23XX AS"
vns: "               "
vtt: 6
vti: 0
vbl: 3.65
cgh: 3
syv: 12
mbp: 0
pps: 0
rtw: 0
clr: 3
vcm: 5
cim: 0.12
cix: 3
cpm: 0
cpx: 600
vpm: 0
ps0: 0
ps1: 0
po0: 0
po1: 0
sa0: -50
sa1: -40
sa2: 40
sa3: 50
sg0: 0
sg1: 0
obt: 0
ena: 0
vkj: 0.72
kbg: 2.5
vtc: 0
xvp: 1
scv: 1
hir: 2
mxs: 9.835
mxr: 9.835
mes: 6.7057
mer: 6.7057
msa: 47
msn: 44
smv: 0.1
orv: 1.8
ord: 0
ost: 0
wre: 50
oss: 900
mla: 0
KFiltHeadQ: 1e-06
KFiltHRateQ: 2500
KFiltHRateBiasQ: 0.001
KFiltHeadR: 1600
KFiltHRateR: 0.0005
KFiltClampHeadR: 1e-12
KFiltClampHeadQ: 1e-12
KFiltMinVelHeading: 0.05
KFiltMinVelGearLever: 2.5
KFiltClampCountdown: 50
RFiltK1: 0.025
RFiltK2: 0.333
einum: 14
ei1: 9
ei2: 0
ei3: 5
ei4: 0
ei5: 22
ei6: 0
ei7: 0
ei8: 18
ei9: 0
ei10: 0
ei11: 13
ei12: 0
ei13: 0
ei14: 0
sc1: 4
sc2: 2
sc3: 1
sc4: 5
csnum: 6
cs1: 0
cs2: 0
cs3: 0
cs4: 0
cs5: 0
alx: 0.5
aly: 0
alz: -4.155
iar: 0
iap: 270
iay: 0
ilx: 0
ily: 0
ilz: 0
sk0: -55.845
sk1: 21.549
sk2: 0.09
rof: -1.655
pof: 0
sof: 0
trw: 3
dk0: 0
dk1: 0
ovb: 0
k0e: 0
k1e: 0
k2e: 0
rre: 0
xcl: 999
bad: 0.13528
bar: 0.13528
vad: 3.5714
var: 3.5714
ka1: 2
ka2: 1
kb1: 0
kb2: 1
kb3: 2
cla: 0.07
bbd: 0.13528
bbr: 0.13528
vbd: 3
vbr: 3
k1a: 2
k2a: 1
k1b: 0
k2b: 1
k3b: 2
clb: 0.13963
bbg: 0
abl: 0
x1m: 0
a2e: 0
ese: 0
sbtc: 0
ipl: 0
sam: 0
xaetc: 0
xcac: 0
xtc: 0
sas: 0
xtes: 0
xaeg: 0
xaec: 0
sac: 0
fae: 0
cak: 0
igl: 0
igr: 0
pgl: 10
pgr: 14
dgl: 0
dgr: 100
wcl: 0
wcr: 0
pwm: 3.3333e-05
dzl: 52.291
dzr: 52.641
src: 99
mpm: 0
dif: 100
dih: 5
dil: 5
pla: 1
plb: 0
vlt: 0
crg: 0
ctc: 0
ssg: 0
nmd: 0
sfm: 1
sfr: 1
sft: 0.00264
glt: 2.5
rpl: 500
rph: 3000
wsh: 2
wsf: 100
gss: 2
rws: 1
sws: 1.1
spa: 0
sga: 1.2
swl: 1
gud: 1
sge: 1
minXte: 0
maxXte: 3
k11: 1
k12: 1
k21: 0.7
k22: 0.1
lso: 1
vde: 1
dbv: 0
ldi: 0.03
ldm: 0
lde: 0.5
lbi: 5
lbm: 0
lsf: 0
lxm: 0
lat: 0
plt: 10
dsu: 1
dsl: 0
mfq: 4
acf: 1
grx: 5
mpc: 2
gct: 8
HPAutoSeedEnabled: 0
srl: 0
scp: 1
sodc: 4
rnie: 10
RawNMEAOutputBaudRate: 9600
RawNMEAOutputIntervalGGA: 0
RawNMEAOutputIntervalGSA: 0
RawNMEAOutputIntervalGST: 0
RawNMEAOutputIntervalRMC: 0
RawNMEAOutputIntervalVTG: 0
RawNMEAOutputIntervalZDA: 0
cmf: 1151416860
endc
